  2.000000000000000E-005  2.000000000000000E-005   9.04111501194408     
  0.296457500000000       2.000000000000000E-005   8.88034827560505     
  0.592895000000000       2.000000000000000E-005   8.03847596503009     
  0.889332500000000       2.000000000000000E-005   6.84618088966550     
   1.18577000000000       2.000000000000000E-005   5.77124941917939     
   1.48220750000000       2.000000000000000E-005   4.91057332821499     
   1.77864500000000       2.000000000000000E-005   4.22776543050790     
   2.07508250000000       2.000000000000000E-005   3.67424489384222     
   2.37152000000000       2.000000000000000E-005   3.21817464232277     
   2.66795750000000       2.000000000000000E-005   2.86010869281279     
   2.96439500000000       2.000000000000000E-005   2.57381843412951     
   3.26083250000000       2.000000000000000E-005   2.33966496027116     
   3.55727000000000       2.000000000000000E-005   2.14458376097480     
   3.85370750000000       2.000000000000000E-005   1.97954258951426     
   4.15014500000000       2.000000000000000E-005   1.83809578158985     
   4.44658250000000       2.000000000000000E-005   1.71551955389958     
   4.74302000000000       2.000000000000000E-005   1.60827271097404     
   5.03945750000000       2.000000000000000E-005   1.51364821093438     
   5.33589500000000       2.000000000000000E-005   1.42954112700111     
   5.63233250000000       2.000000000000000E-005   1.35429001192900     
   5.92877000000000       2.000000000000000E-005   1.28656592101340     
   6.22520750000000       2.000000000000000E-005   1.22529318041144     
   6.52164500000000       2.000000000000000E-005   1.16959178567831     
   6.81808250000000       2.000000000000000E-005   1.11873483954896     
   7.11452000000000       2.000000000000000E-005   1.07211663805733     
  2.000000000000000E-005  0.296457500000000        8.88034827520386     
  0.296457500000000       0.296457500000000        8.58544028738121     
  0.592895000000000       0.296457500000000        7.73511860423854     
  0.889332500000000       0.296457500000000        6.64499873580130     
   1.18577000000000       0.296457500000000        5.64899761242514     
   1.48220750000000       0.296457500000000        4.83393507402776     
   1.77864500000000       0.296457500000000        4.17732092067128     
   2.07508250000000       0.296457500000000        3.63814332850124     
   2.37152000000000       0.296457500000000        3.19317344911570     
   2.66795750000000       0.296457500000000        2.84255887139114     
   2.96439500000000       0.296457500000000        2.56102336323115     
   3.26083250000000       0.296457500000000        2.33004860052961     
   3.55727000000000       0.296457500000000        2.13717368008987     
   3.85370750000000       0.296457500000000        1.97371195376134     
   4.15014500000000       0.296457500000000        1.83342563982940     
   4.44658250000000       0.296457500000000        1.71172121955995     
   4.74302000000000       0.296457500000000        1.60514199474250     
   5.03945750000000       0.296457500000000        1.51103738261546     
   5.33589500000000       0.296457500000000        1.42734116504648     
   5.63233250000000       0.296457500000000        1.35241904008013     
   5.92877000000000       0.296457500000000        1.28496148379872     
   6.22520750000000       0.296457500000000        1.22390696679646     
   6.52164500000000       0.296457500000000        1.16838595250888     
   6.81808250000000       0.296457500000000        1.11767940346321     
   7.11452000000000       0.296457500000000        1.07118759516125     
  2.000000000000000E-005  0.592895000000000        8.03847596518013     
  0.296457500000000       0.592895000000000        7.73511860353943     
  0.592895000000000       0.592895000000000        7.00679155384603     
  0.889332500000000       0.592895000000000        6.14224275374470     
   1.18577000000000       0.592895000000000        5.32536732846954     
   1.48220750000000       0.592895000000000        4.62252489507858     
   1.77864500000000       0.592895000000000        4.03310206365906     
   2.07508250000000       0.592895000000000        3.53540432941739     
   2.37152000000000       0.592895000000000        3.12140100315162     
   2.66795750000000       0.592895000000000        2.79169785221083     
   2.96439500000000       0.592895000000000        2.52369424829401     
   3.26083250000000       0.592895000000000        2.30185589269840     
   3.55727000000000       0.592895000000000        2.11536872784294     
   3.85370750000000       0.592895000000000        1.95650533761488     
   4.15014500000000       0.592895000000000        1.81961230364966     
   4.44658250000000       0.592895000000000        1.70046585909245     
   4.74302000000000       0.592895000000000        1.59585098647913     
   5.03945750000000       0.592895000000000        1.50327958082122     
   5.33589500000000       0.592895000000000        1.42079737801994     
   5.63233250000000       0.592895000000000        1.34684891216414     
   5.92877000000000       0.592895000000000        1.28018125783338     
   6.22520750000000       0.592895000000000        1.21977422852818     
   6.52164500000000       0.592895000000000        1.16478896137874     
   6.81808250000000       0.592895000000000        1.11452950018017     
   7.11452000000000       0.592895000000000        1.06841371296637     
  2.000000000000000E-005  0.889332500000000        6.84618089063089     
  0.296457500000000       0.889332500000000        6.64499873520810     
  0.592895000000000       0.889332500000000        6.14224275280621     
  0.889332500000000       0.889332500000000        5.51778027611578     
   1.18577000000000       0.889332500000000        4.89385689254730     
   1.48220750000000       0.889332500000000        4.32397683432039     
   1.77864500000000       0.889332500000000        3.82018249160395     
   2.07508250000000       0.889332500000000        3.37870756208794     
   2.37152000000000       0.889332500000000        3.01200489488562     
   2.66795750000000       0.889332500000000        2.71273161269652     
   2.96439500000000       0.889332500000000        2.46496523953397     
   3.26083250000000       0.889332500000000        2.25706271525406     
   3.55727000000000       0.889332500000000        2.08046339329064     
   3.85370750000000       0.889332500000000        1.92879887702084     
   4.15014500000000       0.889332500000000        1.79726554217506     
   4.44658250000000       0.889332500000000        1.68218825173642     
   4.74302000000000       0.889332500000000        1.58071633077907     
   5.03945750000000       0.889332500000000        1.49060976686979     
   5.33589500000000       0.889332500000000        1.41008703869419     
   5.63233250000000       0.889332500000000        1.33771538166109     
   5.92877000000000       0.889332500000000        1.27233060373434     
   6.22520750000000       0.889332500000000        1.21297773521508     
   6.52164500000000       0.889332500000000        1.15886655547030     
   6.81808250000000       0.889332500000000        1.10933787719432     
   7.11452000000000       0.889332500000000        1.06383770447416     
  2.000000000000000E-005   1.18577000000000        5.77124942099327     
  0.296457500000000        1.18577000000000        5.64899761235774     
  0.592895000000000        1.18577000000000        5.32536732713761     
  0.889332500000000        1.18577000000000        4.89385689146050     
   1.18577000000000        1.18577000000000        4.43207835669116     
   1.48220750000000        1.18577000000000        3.98321323418969     
   1.77864500000000        1.18577000000000        3.56509209430232     
   2.07508250000000        1.18577000000000        3.19094058202225     
   2.37152000000000        1.18577000000000        2.87678551658842     
   2.66795750000000        1.18577000000000        2.61275537608729     
   2.96439500000000        1.18577000000000        2.38927632800407     
   3.26083250000000        1.18577000000000        2.19854861162371     
   3.55727000000000        1.18577000000000        2.03438502987969     
   3.85370750000000        1.18577000000000        1.89191889328439     
   4.15014500000000        1.18577000000000        1.76732067353454     
   4.44658250000000        1.18577000000000        1.65756241913202     
   4.74302000000000        1.18577000000000        1.56023319611119     
   5.03945750000000        1.18577000000000        1.47339803263098     
   5.33589500000000        1.18577000000000        1.39549106736683     
   5.63233250000000        1.18577000000000        1.32523468000921     
   5.92877000000000        1.18577000000000        1.26157807966378     
   6.22520750000000        1.18577000000000        1.20365040450110     
   6.52164500000000        1.18577000000000        1.15072465671031     
   6.81808250000000        1.18577000000000        1.10218976209706     
   7.11452000000000        1.18577000000000        1.05752875767565     
  2.000000000000000E-005   1.48220750000000        4.91057333074725     
  0.296457500000000        1.48220750000000        4.83393507458124     
  0.592895000000000        1.48220750000000        4.62252489386139     
  0.889332500000000        1.48220750000000        4.32397683264032     
   1.18577000000000        1.48220750000000        3.98321323321053     
   1.48220750000000        1.48220750000000        3.63231990142952     
   1.77864500000000        1.48220750000000        3.29283821247386     
   2.07508250000000        1.48220750000000        2.99044775981520     
   2.37152000000000        1.48220750000000        2.72725114302227     
   2.66795750000000        1.48220750000000        2.49921259431515     
   2.96439500000000        1.48220750000000        2.30153877072047     
   3.26083250000000        1.48220750000000        2.12962745977317     
   3.55727000000000        1.48220750000000        1.97942013929563     
   3.85370750000000        1.48220750000000        1.84747679403486     
   4.15014500000000        1.48220750000000        1.73093588534063     
   4.44658250000000        1.48220750000000        1.62743597497549     
   4.74302000000000        1.48220750000000        1.53503223865682     
   5.03945750000000        1.48220750000000        1.45212074499658     
   5.33589500000000        1.48220750000000        1.37737428485281     
   5.63233250000000        1.48220750000000        1.30968974963083     
   5.92877000000000        1.48220750000000        1.24814567960630     
   6.22520750000000        1.48220750000000        1.19196827238396     
   6.52164500000000        1.48220750000000        1.14050423113145     
   6.81808250000000        1.48220750000000        1.09319906281796     
   7.11452000000000        1.48220750000000        1.04957968954599     
  2.000000000000000E-005   1.77864500000000        4.22776543336045     
  0.296457500000000        1.77864500000000        4.17732092170214     
  0.592895000000000        1.77864500000000        4.03310206287120     
  0.889332500000000        1.77864500000000        3.82018249004510     
   1.18577000000000        1.77864500000000        3.56509209312243     
   1.48220750000000        1.77864500000000        3.29283821208037     
   1.77864500000000        1.77864500000000        3.03135372587393     
   2.07508250000000        1.77864500000000        2.79034052768980     
   2.37152000000000        1.77864500000000        2.57284191197770     
   2.66795750000000        1.77864500000000        2.37875474336839     
   2.96439500000000        1.77864500000000        2.20642961179197     
   3.26083250000000        1.77864500000000        2.05361189393257     
   3.55727000000000        1.77864500000000        1.91794227302289     
   3.85370750000000        1.77864500000000        1.79719613867236     
   4.15014500000000        1.77864500000000        1.68938019510984     
   4.44658250000000        1.77864500000000        1.59275611420544     
   4.74302000000000        1.77864500000000        1.50582978225301     
   5.03945750000000        1.77864500000000        1.42732640365519     
   5.33589500000000        1.77864500000000        1.35616161726940     
   5.63233250000000        1.77864500000000        1.29141339713850     
   5.92877000000000        1.77864500000000        1.23229672996870     
   6.22520750000000        1.77864500000000        1.17814167830363     
   6.52164500000000        1.77864500000000        1.12837478701748     
   6.81808250000000        1.77864500000000        1.08250351490426     
   7.11452000000000        1.77864500000000        1.04010328408929     
  2.000000000000000E-005   2.07508250000000        3.67424489635280     
  0.296457500000000        2.07508250000000        3.63814332964616     
  0.592895000000000        2.07508250000000        3.53540432921253     
  0.889332500000000        2.07508250000000        3.37870756133432     
   1.18577000000000        2.07508250000000        3.19094058139098     
   1.48220750000000        2.07508250000000        2.99044775948753     
   1.77864500000000        2.07508250000000        2.79034052758594     
   2.07508250000000        2.07508250000000        2.59884764731154     
   2.37152000000000        2.07508250000000        2.42036352642852     
   2.66795750000000        2.07508250000000        2.25666943927384     
   2.96439500000000        2.07508250000000        2.10794721330129     
   3.26083250000000        2.07508250000000        1.97349637092010     
   3.55727000000000        2.07508250000000        1.85219310489097     
   3.85370750000000        2.07508250000000        1.74276275672701     
   4.15014500000000        2.07508250000000        1.64393063987812     
   4.44658250000000        2.07508250000000        1.55449856789232     
   4.74302000000000        2.07508250000000        1.47337822516625     
   5.03945750000000        2.07508250000000        1.39960062656868     
   5.33589500000000        2.07508250000000        1.33231308075744     
   5.63233250000000        2.07508250000000        1.27077020961500     
   5.92877000000000        2.07508250000000        1.21432266514794     
   6.22520750000000        2.07508250000000        1.16240548617062     
   6.52164500000000        2.07508250000000        1.11452706645767     
   6.81808250000000        2.07508250000000        1.07025916394268     
   7.11452000000000        2.07508250000000        1.02922808664685     
  2.000000000000000E-005   2.37152000000000        3.21817464382796     
  0.296457500000000        2.37152000000000        3.19317344996979     
  0.592895000000000        2.37152000000000        3.12140100334872     
  0.889332500000000        2.37152000000000        3.01200489471062     
   1.18577000000000        2.37152000000000        2.87678551633657     
   1.48220750000000        2.37152000000000        2.72725114284236     
   1.77864500000000        2.37152000000000        2.57284191189127     
   2.07508250000000        2.37152000000000        2.42036352640338     
   2.37152000000000        2.37152000000000        2.27418743381597     
   2.66795750000000        2.37152000000000        2.13677260327161     
   2.96439500000000        2.37152000000000        2.00922728241348     
   3.26083250000000        2.37152000000000        1.89178189786927     
   3.55727000000000        2.37152000000000        1.78413954663630     
   3.85370750000000        2.37152000000000        1.68571545189506     
   4.15014500000000        2.37152000000000        1.59579101679492     
   4.44658250000000        2.37152000000000        1.51360789244687     
   4.74302000000000        2.37152000000000        1.43842229005517     
   5.03945750000000        2.37152000000000        1.36953402846523     
   5.33589500000000        2.37152000000000        1.30630008228939     
   5.63233250000000        2.37152000000000        1.24813895549888     
   5.92877000000000        2.37152000000000        1.19452986165230     
   6.22520750000000        2.37152000000000        1.14500915785258     
   6.52164500000000        2.37152000000000        1.09916550146527     
   6.81808250000000        2.37152000000000        1.05663458686221     
   7.11452000000000        2.37152000000000        1.01709394282207     
  2.000000000000000E-005   2.66795750000000        2.86010869376920     
  0.296457500000000        2.66795750000000        2.84255887202620     
  0.592895000000000        2.66795750000000        2.79169785250762     
  0.889332500000000        2.66795750000000        2.71273161275663     
   1.18577000000000        2.66795750000000        2.61275537604220     
   1.48220750000000        2.66795750000000        2.49921259425544     
   1.77864500000000        2.66795750000000        2.37875474333099     
   2.07508250000000        2.66795750000000        2.25666943926012     
   2.37152000000000        2.66795750000000        2.13677260327035     
   2.66795750000000        2.66795750000000        2.02157343365868     
   2.96439500000000        2.66795750000000        1.91254832980384     
   3.26083250000000        2.66795750000000        1.81042163065916     
   3.55727000000000        2.66795750000000        1.71540494566916     
   3.85370750000000        2.66795750000000        1.62738123809719     
   4.15014500000000        2.66795750000000        1.54603715156098     
   4.44658250000000        2.66795750000000        1.47095349526478     
   4.74302000000000        2.66795750000000        1.40166458323553     
   5.03945750000000        2.66795750000000        1.33769558572942     
   5.33589500000000        2.66795750000000        1.27858493090226     
   5.63233250000000        2.66795750000000        1.22389683919552     
   5.92877000000000        2.66795750000000        1.17322751711227     
   6.22520750000000        2.66795750000000        1.12620739045090     
   6.52164500000000        2.66795750000000        1.08250094954300     
   6.81808250000000        2.66795750000000        1.04180522674826     
   7.11452000000000        2.66795750000000        1.00384755628796     
  2.000000000000000E-005   2.96439500000000        2.57381843480297     
  0.296457500000000        2.96439500000000        2.56102336372622     
  0.592895000000000        2.96439500000000        2.52369424859790     
  0.889332500000000        2.96439500000000        2.46496523968559     
   1.18577000000000        2.96439500000000        2.38927632806368     
   1.48220750000000        2.96439500000000        2.30153877073951     
   1.77864500000000        2.96439500000000        2.20642961180016     
   2.07508250000000        2.96439500000000        2.10794721330960     
   2.37152000000000        2.96439500000000        2.00922728242215     
   2.66795750000000        2.96439500000000        1.91254832980971     
   2.96439500000000        2.96439500000000        1.81944287643179     
   3.26083250000000        2.96439500000000        1.73084852344716     
   3.55727000000000        2.96439500000000        1.64725815723820     
   3.85370750000000        2.96439500000000        1.56884948090016     
   4.15014500000000        2.96439500000000        1.49558766002523     
   4.44658250000000        2.96439500000000        1.42730213919462     
   4.74302000000000        2.96439500000000        1.36374173138125     
   5.03945750000000        2.96439500000000        1.30461276681948     
   5.33589500000000        2.96439500000000        1.24960466750214     
   5.63233250000000        2.96439500000000        1.19840650687783     
   5.92877000000000        2.96439500000000        1.15071727646566     
   6.22520750000000        2.96439500000000        1.10625185699001     
   6.52164500000000        2.96439500000000        1.06474411947443     
   6.81808250000000        2.96439500000000        1.02594815261527     
   7.11452000000000        2.96439500000000       0.989638301440586     
  2.000000000000000E-005   3.26083250000000        2.33966496078123     
  0.296457500000000        3.26083250000000        2.33004860093100     
  0.592895000000000        3.26083250000000        2.30185589298239     
  0.889332500000000        3.26083250000000        2.25706271543641     
   1.18577000000000        3.26083250000000        2.19854861173334     
   1.48220750000000        3.26083250000000        2.12962745983874     
   1.77864500000000        3.26083250000000        2.05361189397472     
   2.07508250000000        3.26083250000000        1.97349637094980     
   2.37152000000000        3.26083250000000        1.89178189789113     
   2.66795750000000        3.26083250000000        1.81042163067401     
   2.96439500000000        3.26083250000000        1.73084852345480     
   3.26083250000000        3.26083250000000        1.65404700508704     
   3.55727000000000        3.26083250000000        1.58064015952854     
   3.85370750000000        3.26083250000000        1.51097478986970     
   4.15014500000000        3.26083250000000        1.44519554028340     
   4.44658250000000        3.26083250000000        1.38330507735648     
   4.74302000000000        3.26083250000000        1.32521061154105     
   5.03945750000000        3.26083250000000        1.27075855478263     
   5.33589500000000        3.26083250000000        1.21975957390014     
   5.63233250000000        3.26083250000000        1.17200621923392     
   5.92877000000000        3.26083250000000        1.12728499776131     
   6.22520750000000        3.26083250000000        1.08538439069724     
   6.52164500000000        3.26083250000000        1.04609996946586     
   6.81808250000000        3.26083250000000        1.00923747235214     
   7.11452000000000        3.26083250000000       0.974614472858344     
  2.000000000000000E-005   3.55727000000000        2.14458376138166     
  0.296457500000000        3.55727000000000        2.13717368042515     
  0.592895000000000        3.55727000000000        2.11536872810097     
  0.889332500000000        3.55727000000000        2.08046339347793     
   1.18577000000000        3.55727000000000        2.03438503001077     
   1.48220750000000        3.55727000000000        1.97942013938659     
   1.77864500000000        3.55727000000000        1.91794227308703     
   2.07508250000000        3.55727000000000        1.85219310493761     
   2.37152000000000        3.55727000000000        1.78413954667051     
   2.66795750000000        3.55727000000000        1.71540494569339     
   2.96439500000000        3.55727000000000        1.64725815725371     
   3.26083250000000        3.55727000000000        1.58064015953591     
   3.55727000000000        3.55727000000000        1.51621015280054     
   3.85370750000000        3.55727000000000        1.45439796571967     
   4.15014500000000        3.55727000000000        1.39545458937575     
   4.44658250000000        3.55727000000000        1.33949662257360     
   4.74302000000000        3.55727000000000        1.28654308927282     
   5.03945750000000        3.55727000000000        1.23654466440967     
   5.33589500000000        3.55727000000000        1.18940613246729     
   5.63233250000000        3.55727000000000        1.14500319600851     
   5.92877000000000        3.55727000000000        1.10319476747894     
   6.22520750000000        3.55727000000000        1.06383176021495     
   6.52164500000000        3.55727000000000        1.02676322859234     
   6.81808250000000        3.55727000000000       0.991840537906416     
   7.11452000000000        3.55727000000000       0.958920092901375     
  2.000000000000000E-005   3.85370750000000        1.97954258985073     
  0.296457500000000        3.85370750000000        1.97371195404768     
  0.592895000000000        3.85370750000000        1.95650533784743     
  0.889332500000000        3.85370750000000        1.92879887720221     
   1.18577000000000        3.85370750000000        1.89191889342210     
   1.48220750000000        3.85370750000000        1.84747679413816     
   1.77864500000000        3.85370750000000        1.79719613874989     
   2.07508250000000        3.85370750000000        1.74276275678549     
   2.37152000000000        3.85370750000000        1.68571545193909     
   2.66795750000000        3.85370750000000        1.62738123812971     
   2.96439500000000        3.85370750000000        1.56884948092296     
   3.26083250000000        3.85370750000000        1.51097478988397     
   3.55727000000000        3.85370750000000        1.45439796572638     
   3.85370750000000        3.85370750000000        1.39957603129495     
   4.15014500000000        3.85370750000000        1.34681489869200     
   4.44658250000000        3.85370750000000        1.29630063697878     
   4.74302000000000        3.85370750000000        1.24812720206330     
   5.03945750000000        3.85370750000000        1.20231979632198     
   5.33589500000000        3.85370750000000        1.15885382457620     
   5.63233250000000        3.85370750000000        1.11766983973528     
   5.92877000000000        3.85370750000000        1.07868505319061     
   6.22520750000000        3.85370750000000        1.04180202103178     
   6.52164500000000        3.85370750000000        1.00691507584855     
   6.81808250000000        3.85370750000000       0.973914998471811     
   7.11452000000000        3.85370750000000       0.942692339544902     
  2.000000000000000E-005   4.15014500000000        1.83809578187539     
  0.296457500000000        4.15014500000000        1.83342564007828     
  0.592895000000000        4.15014500000000        1.81961230385919     
  0.889332500000000        4.15014500000000        1.79726554234626     
   1.18577000000000        4.15014500000000        1.76732067367147     
   1.48220750000000        4.15014500000000        1.73093588544858     
   1.77864500000000        4.15014500000000        1.68938019519447     
   2.07508250000000        4.15014500000000        1.64393063994420     
   2.37152000000000        4.15014500000000        1.59579101684622     
   2.66795750000000        4.15014500000000        1.54603715160021     
   2.96439500000000        4.15014500000000        1.49558766005424     
   3.26083250000000        4.15014500000000        1.44519554030369     
   3.55727000000000        4.15014500000000        1.39545458938828     
   3.85370750000000        4.15014500000000        1.34681489869785     
   4.15014500000000        4.15014500000000        1.29960277553990     
   4.44658250000000        4.15014500000000        1.25404177113892     
   4.74302000000000        4.15014500000000        1.21027271590986     
   5.03945750000000        4.15014500000000        1.16837162022596     
   5.33589500000000        4.15014500000000        1.12836496987727     
   5.63233250000000        4.15014500000000        1.09024237022123     
   5.92877000000000        4.15014500000000        1.05396673258919     
   6.22520750000000        4.15014500000000        1.01948230954047     
   6.52164500000000        4.15014500000000       0.986720919272122     
   6.81808250000000        4.15014500000000       0.955606687957721     
   7.11452000000000        4.15014500000000       0.926059604653598     
  2.000000000000000E-005   4.44658250000000        1.71551955414657     
  0.296457500000000        4.44658250000000        1.71172121977907     
  0.592895000000000        4.44658250000000        1.70046585928165     
  0.889332500000000        4.44658250000000        1.68218825189621     
   1.18577000000000        4.44658250000000        1.65756241926439     
   1.48220750000000        4.44658250000000        1.62743597508365     
   1.77864500000000        4.44658250000000        1.59275611429308     
   2.07508250000000        4.44658250000000        1.55449856796276     
   2.37152000000000        4.44658250000000        1.51360789250305     
   2.66795750000000        4.44658250000000        1.47095349530896     
   2.96439500000000        4.44658250000000        1.42730213922868     
   3.26083250000000        4.44658250000000        1.38330507738172     
   3.55727000000000        4.44658250000000        1.33949662259123     
   3.85370750000000        4.44658250000000        1.29630063698970     
   4.15014500000000        4.44658250000000        1.25404177114399     
   4.44658250000000        4.44658250000000        1.21295894105309     
   4.74302000000000        4.44658250000000        1.17321925498005     
   5.03945750000000        4.44658250000000        1.13493124668958     
   5.33589500000000        4.44658250000000        1.09815677765839     
   5.63233250000000        4.44658250000000        1.06292133150404     
   5.92877000000000        4.44658250000000        1.02922265918601     
   6.22520750000000        4.44658250000000       0.997037872505354     
   6.52164500000000        4.44658250000000       0.966329154437641     
   6.81808250000000        4.44658250000000       0.937048281363638     
   7.11452000000000        4.44658250000000       0.909140151887634     
  2.000000000000000E-005   4.74302000000000        1.60827271119078     
  0.296457500000000        4.74302000000000        1.60514199493748     
  0.592895000000000        4.74302000000000        1.59585098665077     
  0.889332500000000        4.74302000000000        1.58071633092733     
   1.18577000000000        4.74302000000000        1.56023319623729     
   1.48220750000000        4.74302000000000        1.53503223876265     
   1.77864500000000        4.74302000000000        1.50582978234097     
   2.07508250000000        4.74302000000000        1.47337822523877     
   2.37152000000000        4.74302000000000        1.43842229011430     
   2.66795750000000        4.74302000000000        1.40166458328324     
   2.96439500000000        4.74302000000000        1.36374173141914     
   3.26083250000000        4.74302000000000        1.32521061157036     
   3.55727000000000        4.74302000000000        1.28654308929456     
   3.85370750000000        4.74302000000000        1.24812720207847     
   4.15014500000000        4.74302000000000        1.21027271591923     
   4.44658250000000        4.74302000000000        1.17321925498447     
   4.74302000000000        4.74302000000000        1.13714559762487     
   5.03945750000000        4.74302000000000        1.10217913639093     
   5.33589500000000        4.74302000000000        1.06840485352373     
   5.63233250000000        4.74302000000000        1.03587344194355     
   5.92877000000000        4.74302000000000        1.00460840347743     
   6.22520750000000        4.74302000000000       0.974612091209167     
   6.52164500000000        4.74302000000000       0.945870745869425     
   6.81808250000000        4.74302000000000       0.918358621417397     
   7.11452000000000        4.74302000000000       0.892041314550553     
  2.000000000000000E-005   5.03945750000000        1.51364821112679     
  0.296457500000000        5.03945750000000        1.51103738279028     
  0.592895000000000        5.03945750000000        1.50327958097746     
  0.889332500000000        5.03945750000000        1.49060976700716     
   1.18577000000000        5.03945750000000        1.47339803275009     
   1.48220750000000        5.03945750000000        1.45212074509871     
   1.77864500000000        5.03945750000000        1.42732640374181     
   2.07508250000000        5.03945750000000        1.39960062664150     
   2.37152000000000        5.03945750000000        1.36953402852578     
   2.66795750000000        5.03945750000000        1.33769558577935     
   2.96439500000000        5.03945750000000        1.30461276686009     
   3.26083250000000        5.03945750000000        1.27075855481497     
   3.55727000000000        5.03945750000000        1.23654466443484     
   3.85370750000000        5.03945750000000        1.20231979634071     
   4.15014500000000        5.03945750000000        1.16837162023898     
   4.44658250000000        5.03945750000000        1.13493124669768     
   4.74302000000000        5.03945750000000        1.10217913639470     
   5.03945750000000        5.03945750000000        1.07025163208464     
   5.33589500000000        5.03945750000000        1.03924753102405     
   5.63233250000000        5.03945750000000        1.00923431666947     
   5.92877000000000        5.03945750000000       0.980253827445473     
   6.22520750000000        5.03945750000000       0.952327257209884     
   6.52164500000000        5.03945750000000       0.925459462187208     
   6.81808250000000        5.03945750000000       0.899642600091950     
   7.11452000000000        5.03945750000000       0.874859156431023     
  2.000000000000000E-005   5.33589500000000        1.42954112717339     
  0.296457500000000        5.33589500000000        1.42734116520439     
  0.592895000000000        5.33589500000000        1.42079737816266     
  0.889332500000000        5.33589500000000        1.41008703882152     
   1.18577000000000        5.33589500000000        1.39549106747894     
   1.48220750000000        5.33589500000000        1.37737428495041     
   1.77864500000000        5.33589500000000        1.35616161735362     
   2.07508250000000        5.33589500000000        1.33231308082944     
   2.37152000000000        5.33589500000000        1.30630008235032     
   2.66795750000000        5.33589500000000        1.27858493095342     
   2.96439500000000        5.33589500000000        1.24960466754456     
   3.26083250000000        5.33589500000000        1.21975957393476     
   3.55727000000000        5.33589500000000        1.18940613249496     
   3.85370750000000        5.33589500000000        1.15885382459773     
   4.15014500000000        5.33589500000000        1.12836496989334     
   4.44658250000000        5.33589500000000        1.09815677766964     
   4.74302000000000        5.33589500000000        1.06840485353077     
   5.03945750000000        5.33589500000000        1.03924753102731     
   5.33589500000000        5.33589500000000        1.01079054174435     
   5.63233250000000        5.33589500000000       0.983111674688649     
   5.92877000000000        5.33589500000000       0.956265193726058     
   6.22520750000000        5.33589500000000       0.930285875521824     
   6.52164500000000        5.33589500000000       0.905192600239900     
   6.81808250000000        5.33589500000000       0.880991476159565     
   7.11452000000000        5.33589500000000       0.857678511400722     
  2.000000000000000E-005   5.63233250000000        1.35429001208443     
  0.296457500000000        5.63233250000000        1.35241904022365     
  0.592895000000000        5.63233250000000        1.34684891229510     
  0.889332500000000        5.63233250000000        1.33771538177914     
   1.18577000000000        5.63233250000000        1.32523468011443     
   1.48220750000000        5.63233250000000        1.30968974972376     
   1.77864500000000        5.63233250000000        1.29141339721973     
   2.07508250000000        5.63233250000000        1.27077020968547     
   2.37152000000000        5.63233250000000        1.24813895555939     
   2.66795750000000        5.63233250000000        1.22389683924708     
   2.96439500000000        5.63233250000000        1.19840650692128     
   3.26083250000000        5.63233250000000        1.17200621927014     
   3.55727000000000        5.63233250000000        1.14500319603815     
   3.85370750000000        5.63233250000000        1.11766983975910     
   4.15014500000000        5.63233250000000        1.09024237023983     
   4.44658250000000        5.63233250000000        1.06292133151794     
   4.74302000000000        5.63233250000000        1.03587344195328     
   5.03945750000000        5.63233250000000        1.00923431667554     
   5.33589500000000        5.63233250000000       0.983111674691450     
   5.63233250000000        5.63233250000000       0.957588732008520     
   5.92877000000000        5.63233250000000       0.932727565342332     
   6.22520750000000        5.63233250000000       0.908572302104000     
   6.52164500000000        5.63233250000000       0.885152049202221     
   6.81808250000000        5.63233250000000       0.862483516074400     
   7.11452000000000        5.63233250000000       0.840573317976471     
  2.000000000000000E-005   5.92877000000000        1.28656592115455     
  0.296457500000000        5.92877000000000        1.28496148392980     
  0.592895000000000        5.92877000000000        1.28018125795388     
  0.889332500000000        5.92877000000000        1.27233060384399     
   1.18577000000000        5.92877000000000        1.26157807976253     
   1.48220750000000        5.92877000000000        1.24814567969443     
   1.77864500000000        5.92877000000000        1.23229673004667     
   2.07508250000000        5.92877000000000        1.21432266521641     
   2.37152000000000        5.92877000000000        1.19452986171191     
   2.66795750000000        5.92877000000000        1.17322751716371     
   2.96439500000000        5.92877000000000        1.15071727650964     
   3.26083250000000        5.92877000000000        1.12728499779852     
   3.55727000000000        5.92877000000000        1.10319476751005     
   3.85370750000000        5.92877000000000        1.07868505321622     
   4.15014500000000        5.92877000000000        1.05396673260975     
   4.44658250000000        5.92877000000000        1.02922265920211     
   4.74302000000000        5.92877000000000        1.00460840348942     
   5.03945750000000        5.92877000000000       0.980253827453967     
   5.33589500000000        5.92877000000000       0.956265193731364     
   5.63233250000000        5.92877000000000       0.932727565344804     
   5.92877000000000        5.92877000000000       0.909707308004711     
   6.22520750000000        5.92877000000000       0.887254558593346     
   6.52164500000000        5.92877000000000       0.865405567478078     
   6.81808250000000        5.92877000000000       0.844184857679182     
   7.11452000000000        5.92877000000000       0.823607170924534     
  2.000000000000000E-005   6.22520750000000        1.22529318054025     
  0.296457500000000        6.22520750000000        1.22390696691675     
  0.592895000000000        6.22520750000000        1.21977422863948     
  0.889332500000000        6.22520750000000        1.21297773531712     
   1.18577000000000        6.22520750000000        1.20365040459371     
   1.48220750000000        6.22520750000000        1.19196827246745     
   1.77864500000000        6.22520750000000        1.17814167837826     
   2.07508250000000        6.22520750000000        1.16240548623682     
   2.37152000000000        6.22520750000000        1.14500915791083     
   2.66795750000000        6.22520750000000        1.12620739050177     
   2.96439500000000        6.22520750000000        1.10625185703407     
   3.26083250000000        6.22520750000000        1.08538439073506     
   3.55727000000000        6.22520750000000        1.06383176024708     
   3.85370750000000        6.22520750000000        1.04180202105863     
   4.15014500000000        6.22520750000000        1.01948230956262     
   4.44658250000000        6.22520750000000       0.997037872523173     
   4.74302000000000        6.22520750000000       0.974612091223147     
   5.03945750000000        6.22520750000000       0.952327257220407     
   5.33589500000000        6.22520750000000       0.930285875529222     
   5.63233250000000        6.22520750000000       0.908572302108623     
   5.92877000000000        6.22520750000000       0.887254558595525     
   6.22520750000000        6.22520750000000       0.866386203186031     
   6.52164500000000        6.22520750000000       0.846008169301402     
   6.81808250000000        6.22520750000000       0.826150511564590     
   7.11452000000000        6.22520750000000       0.806834021162945     
  2.000000000000000E-005   6.52164500000000        1.16959178579638     
  0.296457500000000        6.52164500000000        1.16838595261967     
  0.592895000000000        6.52164500000000        1.16478896148175     
  0.889332500000000        6.52164500000000        1.15886655556536     
   1.18577000000000        6.52164500000000        1.15072465679727     
   1.48220750000000        6.52164500000000        1.14050423121049     
   1.77864500000000        6.52164500000000        1.12837478708875     
   2.07508250000000        6.52164500000000        1.11452706652139     
   2.37152000000000        6.52164500000000        1.09916550152190     
   2.66795750000000        6.52164500000000        1.08250094959301     
   2.96439500000000        6.52164500000000        1.06474411951818     
   3.26083250000000        6.52164500000000        1.04609996950382     
   3.55727000000000        6.52164500000000        1.02676322862502     
   3.85370750000000        6.52164500000000        1.00691507587631     
   4.15014500000000        6.52164500000000       0.986720919295420     
   4.44658250000000        6.52164500000000       0.966329154456895     
   4.74302000000000        6.52164500000000       0.945870745884968     
   5.03945750000000        6.52164500000000       0.925459462199401     
   5.33589500000000        6.52164500000000       0.905192600249116     
   5.63233250000000        6.52164500000000       0.885152049208707     
   5.92877000000000        6.52164500000000       0.865405567482133     
   6.22520750000000        6.52164500000000       0.846008169303325     
   6.52164500000000        6.52164500000000       0.827003541382022     
   6.81808250000000        6.52164500000000       0.808425431120862     
   7.11452000000000        6.52164500000000       0.790298965982364     
  2.000000000000000E-005   6.81808250000000        1.11873483965769     
  0.296457500000000        6.81808250000000        1.11767940356562     
  0.592895000000000        6.81808250000000        1.11452950027588     
  0.889332500000000        6.81808250000000        1.10933787728308     
   1.18577000000000        6.81808250000000        1.10218976217886     
   1.48220750000000        6.81808250000000        1.09319906289269     
   1.77864500000000        6.81808250000000        1.08250351497212     
   2.07508250000000        6.81808250000000        1.07025916400392     
   2.37152000000000        6.81808250000000        1.05663458691710     
   2.66795750000000        6.81808250000000        1.04180522679702     
   2.96439500000000        6.81808250000000        1.02594815265849     
   3.26083250000000        6.81808250000000        1.00923747239001     
   3.55727000000000        6.81808250000000       0.991840537939312     
   3.85370750000000        6.81808250000000       0.973914998500220     
   4.15014500000000        6.81808250000000       0.955606687981910     
   4.44658250000000        6.81808250000000       0.937048281383997     
   4.74302000000000        6.81808250000000       0.918358621434240     
   5.03945750000000        6.81808250000000       0.899642600105571     
   5.33589500000000        6.81808250000000       0.880991476170305     
   5.63233250000000        6.81808250000000       0.862483516082508     
   5.92877000000000        6.81808250000000       0.844184857684899     
   6.22520750000000        6.81808250000000       0.826150511568197     
   6.52164500000000        6.81808250000000       0.808425431122563     
   6.81808250000000        6.81808250000000       0.791045597874510     
   7.11452000000000        6.81808250000000       0.774039082665769     
  2.000000000000000E-005   7.11452000000000        1.07211663815778     
  0.296457500000000        7.11452000000000        1.07118759525615     
  0.592895000000000        7.11452000000000        1.06841371305543     
  0.889332500000000        7.11452000000000        1.06383770455718     
   1.18577000000000        7.11452000000000        1.05752875775250     
   1.48220750000000        7.11452000000000        1.04957968961672     
   1.77864500000000        7.11452000000000        1.04010328415399     
   2.07508250000000        7.11452000000000        1.02922808670554     
   2.37152000000000        7.11452000000000        1.01709394287508     
   2.66795750000000        7.11452000000000        1.00384755633555     
   2.96439500000000        7.11452000000000       0.989638301482963     
   3.26083250000000        7.11452000000000       0.974614472895852     
   3.55727000000000        7.11452000000000       0.958920092934330     
   3.85370750000000        7.11452000000000       0.942692339573627     
   4.15014500000000        7.11452000000000       0.926059604678407     
   4.44658250000000        7.11452000000000       0.909140151908809     
   4.74302000000000        7.11452000000000       0.892041314568376     
   5.03945750000000        7.11452000000000       0.874859156445817     
   5.33589500000000        7.11452000000000       0.857678511412685     
   5.63233250000000        7.11452000000000       0.840573317985898     
   5.92877000000000        7.11452000000000       0.823607170931708     
   6.22520750000000        7.11452000000000       0.806834021168001     
   6.52164500000000        7.11452000000000       0.790298965985553     
   6.81808250000000        7.11452000000000       0.774039082667273     
   7.11452000000000        7.11452000000000       0.758084269061452     
